# name: debug
# type: sparse matrix
# nnz: 576
# rows: 24
# columns: 24

1 1 66135915.389109239
2 1 26199898.683378331
3 1 -17060608.925837144
4 1 75181999255764275822592.000000000
5 1 -21864285921707491852288.000000000
6 1 -46548455737137064574976.000000000
7 1 -8179475.459194174
8 1 -642395.995203351
9 1 -919842.584228603
10 1 -413344.688437678
11 1 7784758.305124284
12 1 -2935540.257885406
13 1 -8602696.747379299
14 1 -1344735.021275140
15 1 -973304.069482444
16 1 -1064280.645889715
17 1 8429213.021124894
18 1 -3138263.992961393
19 1 -8789511.892510381
20 1 -934825.247603900
21 1 -736402.023640325
22 1 -582329.615182049
23 1 8626040.446612474
24 1 -3123764.666023055
1 2 -16590469.149040753
2 2 41525016.463955238
3 2 23677853.105444822
4 2 -17505037530056454307840.000000000
5 2 50245193395807893585920.000000000
6 2 15234347621546505273344.000000000
7 2 -637409.074067620
8 2 -20786044.611005407
9 2 -22046.218979984
10 2 -17090981.609782748
11 2 -25150.505235339
12 2 -2503905.122430370
13 2 -1343136.785964005
14 2 -22902717.591279499
15 2 53524.291315787
16 2 -18787622.033877045
17 2 243148.324493001
18 2 -4585897.056483412
19 2 -941001.388833620
20 2 -23398687.750126600
21 2 113795.528440553
22 2 -19184428.737749752
23 2 33216.064504823
24 2 -2755808.003973424
1 3 -11244464.769553032
2 3 6742050.859696887
3 3 20978891.072578579
4 3 -28456447247194691469312.000000000
5 3 19548371827504367796224.000000000
6 3 26123564620128595214336.000000000
7 3 -920064.459738138
8 3 -24428.353577220
9 3 -2553246.448832232
10 3 3125525.799896169
11 3 398449.992130618
12 3 433372.068254754
13 3 -974645.361333082
14 3 51142.893196847
15 3 -2846866.469527583
16 3 3501218.894511078
17 3 913458.161479171
18 3 818721.138382531
19 3 -737149.790335294
20 3 116914.845241216
21 3 -2897917.305225603
22 3 3473679.442062022
23 3 308184.857496625
24 3 553305.286047694
1 4 -7176879703461986304000.000000000
2 4 -2739409397038115717120.000000000
3 4 -10953194126752186630144.000000000
4 4 -5429677739015745867954500167072227524608.000000000
5 4 -1381211614737170909654394128646969229312.000000000
6 4 4551139302370665348227559653840494002176.000000000
7 4 -408607.140268368
8 4 -17087296.044402152
9 4 3128912.779199695
10 4 -26787998.524223790
11 4 -5655.356259254
12 4 -2355528.809201906
13 4 -1061754.948220301
14 4 -18778919.265952244
15 4 3499945.182061928
16 4 -29875322.269300867
17 4 -1160.760145726
18 4 -6337396.851502270
19 4 -586349.492995929
20 4 -19171632.646263473
21 4 3470698.067736777
22 4 -29687792.632077876
23 4 362.217823182
24 4 -3075847.036110582
1 5 -78560406239748491837440.000000000
2 5 -40326347142146809659392.000000000
3 5 50253684894246190972928.000000000
4 5 -12606296128428243871067528109518210727936.000000000
5 5 -6922041180113937028298539834538673045504.000000000
6 5 8133287154033464116230248999734762012672.000000000
7 5 7783557.775309898
8 5 -19791.143429835
9 5 399071.510444160
10 5 2078.714369499
11 5 -13913000.666416436
12 5 5123052.402610473
13 5 8424958.424168669
14 5 244894.495691238
15 5 912866.661267972
16 5 1173.496026162
17 5 -15165607.552936858
18 5 5469720.934469558
19 5 8619078.942015070
20 5 28315.612239377
21 5 306953.274233892
22 5 -5039.364966305
23 5 -15243650.329350030
24 5 5438770.623786162
1 6 97106921538069641297920.000000000
2 6 8191609937314722086912.000000000
3 6 -32370504095545312673792.000000000
4 6 10551964119073050539417742750879097815040.000000000
5 6 3517066377966185284121424124145869783040.000000000
6 6 -6346197367848142003337824961905649778688.000000000
7 6 -2935658.815954115
8 6 -2508026.521654504
9 6 433520.964892365
10 6 -2360510.776116556
11 6 5122532.416446635
12 6 -10127143.289319742
13 6 -3134163.116395152
14 6 -4587803.298430311
15 6 819270.599921829
16 6 -6343822.386535300
17 6 5466212.475554351
18 6 -11071355.801413316
19 6 -3122956.461078021
20 6 -2753463.821521903
21 6 553844.727111203
22 6 -3076477.464337949
23 6 5441705.049300997
24 6 -10630508.165179580
1 7 -8179475.459194174
2 7 -637409.074067620
3 7 -920064.459738138
4 7 -408607.140268368
5 7 7783557.775309898
6 7 -2935658.815954115
7 7 45666057.746751934
8 7 -1543814.198250461
9 7 1204625.924281339
10 7 -456876094190060928.000000000
11 7 -10026661675896799232.000000000
12 7 7840389114883176448.000000000
13 7 -8110619.592095630
14 7 -879947.745421360
15 7 -937316.343615539
16 7 -703216.089009944
17 7 8134820.973574979
18 7 -3123350.750907011
19 7 -9609553.020718416
20 7 -1393797.258585189
21 7 -818385.056941362
22 7 -949453.226400177
23 7 9917245.967916042
24 7 -3674469.667998048
1 8 -642395.995203351
2 8 -20786044.611005407
3 8 -24428.353577220
4 8 -17087296.044402152
5 8 -19791.143429835
6 8 -2508026.521654504
7 8 -666960.822585202
8 8 107645070.568055749
9 8 -1449061.948270175
10 8 2204414857594281216.000000000
11 8 1119170571240057728.000000000
12 8 -806154361225293440.000000000
13 8 -883264.699990762
14 8 -20598819.546792198
15 8 124488.298858001
16 8 -17187993.726498391
17 8 173151.457871133
18 8 -3435433.038415838
19 8 -1406875.544229929
20 8 -24769293.259922478
21 8 85569.029582814
22 8 -20817387.415677559
23 8 245853.372276071
24 8 -3811398.824359678
1 9 -919842.584228603
2 9 -22046.218979984
3 9 -2553246.448832232
4 9 3128912.779199695
5 9 399071.510444160
6 9 433520.964892365
7 9 1478801.739143382
8 9 -1396617.577960941
9 9 15188727.536933880
10 9 -283089788053061984.000000000
11 9 1262333988413426432.000000000
12 9 -1558442802397214208.000000000
13 9 -938406.360598400
14 9 124753.888821548
15 9 -2507647.242982964
16 9 3333691.115681752
17 9 725936.216434413
18 9 532935.656222695
19 9 -818617.110508499
20 9 91847.632566189
21 9 -3173463.751018764
22 9 4108144.047820291
23 9 690452.260475548
24 9 716695.861175779
1 10 -413344.688437678
2 10 -17090981.609782748
3 10 3125525.799896169
4 10 -26787998.524223790
5 10 2078.714369499
6 10 -2360510.776116556
7 10 614335790985765632.000000000
8 10 2679352222017060864.000000000
9 10 86812581006689760.000000000
10 10 8969681902073462082515138248704.000000000
11 10 -1747055093272458691561331359744.000000000
12 10 3305453769049861829572843012096.000000000
13 10 -705386.564658049
14 10 -17183433.883485354
15 10 3328955.213751597
16 10 -27969960.300167430
17 10 2688.457475568
18 10 -4277023.290993677
19 10 -961191.827278121
20 10 -20807207.286822122
21 10 4099737.680708780
22 10 -34703651.440554008
23 10 9766.542525205
24 10 -5175194.721470174
1 11 7784758.305124284
2 11 -25150.505235339
3 11 398449.992130618
4 11 -5655.356259254
5 11 -13913000.666416436
6 11 5122532.416446635
7 11 -8002568953493626880.000000000
8 11 1190701345007674368.000000000
9 11 838511408955131904.000000000
10 11 1310691182616325516963715481600.000000000
11 11 36514395175573756644031698305024.000000000
12 11 -26296853297190205063429489688576.000000000
13 11 8131667.027762881
14 11 169443.899791113
15 11 724612.852225891
16 11 -2575.163414033
17 11 -15095796.246448083
18 11 5755897.863962933
19 11 9910042.185860818
20 11 231965.707506924
21 11 688788.598358552
22 11 -12161.170602396
23 11 -18623128.950058836
24 11 7112579.908986900
1 12 -2935540.257885406
2 12 -2503905.122430370
3 12 433372.068254754
4 12 -2355528.809201906
5 12 5123052.402610473
6 12 -10127143.289319742
7 12 8791532147562165248.000000000
8 12 -721769357304087680.000000000
9 12 -1196469380067739904.000000000
10 12 593455759050462837030420217856.000000000
11 12 -35991195216524228660498534498304.000000000
12 12 30291142046371544563472824008704.000000000
13 12 -3119518.004586955
14 12 -3434053.844962620
15 12 533071.964664784
16 12 -4277917.239733775
17 12 5753811.962707527
18 12 -10160357.724948503
19 12 -3673769.658448477
20 12 -3802513.779978631
21 12 716139.373924232
22 12 -5166084.576191326
23 12 7119025.153515382
24 12 -12117952.854389334
1 13 -8602696.747379299
2 13 -1343136.785964005
3 13 -974645.361333082
4 13 -1061754.948220301
5 13 8424958.424168669
6 13 -3134163.116395152
7 13 -8110619.592095630
8 13 -883264.699990762
9 13 -938406.360598400
10 13 -705386.564658049
